15632
62267
5
63427
6981
56403
46976
34290
11190
56700
46544
9141
26695
33452
54534
20071
45338
30108
46118
29207
42485
61776
26431
42963
11584
37912
42078
42739
11099
18998
28031
18822
3821
55355
47580
19314
6869
54169
58659
39784
18899
15920
8430
35486
27611
9905
61255
59139
42726
36956
58219
63726
56776
59500
54163
1007
1253
43897
2721
14452
3913
51382
22101
35725
42051
18719
27990
8595
3914
50466
45908
31290
1783
2226
59374
22166
48493
46087
37369
1605
49632
47842
46074
61088
14720
60767
29377
24425
56003
34863
13244
12986
29295
32516
26920
64397
62224
26413
52582
15867
40607
47625
28778
4104
36090
31588
24877
45074
2246
3934
19653
55477
11652
25118
31837
34746
9627
8694
46647
22667
64410
9843
43807
43206
22517
44303
31949
20876
49485
37469
12690
34781
8760
23918
29173
19513
57812
54976
1123
62494
50468
1176
9607
43231
60392
4237
4119
64806
30054
40294
61528
57203
60810
1417
48543
33357
25220
29054
22942
17610
37737
36683
10748
3598
49909
20355
40818
58975
27484
36739
46577
16092
64145
10772
3635
20477
22194
62630
27177
9454
47516
42978
56737
22780
22094
19064
11066
43711
42015
9599
32228
26848
24515
36391
57449
21567
43601
27041
39403
64917
55293
33257
32551
24328
48192
54532
38851
40852
42264
34895
25763
37889
60413
10028
2774
55963
34417
9145
34277
59717
25342
2459
24386
17380
34596
37544
50769
26952
51322
29526
168
4324
60533
42454
13200
45690
55270
40639
25114
17427
63190
55630
64806
51437
61419
48166
38954
65351
10639
60907
48466
57797
21353
50059
43292
7565
37433
48384
4070
18019
44905
51323
21202
53413
46729
50190
33594
27557
14866
64273
51449
41085
25639
62139
42614
57258
26624
4452
55659
54610
39817
39297
22464
48867
50831
11523
63491
1871
13324
62411
31773
63346
769
28742
60967
18656
42180
44132
64004
49183
34698
24462
19932
8965
37570
59251
9980
20054
24746
55999
21293
25939
25281
53626
55230
1284
20065
62346
37406
40323
4479
28419
59831
3137
65059
9559
43673
58547
816
27884
27619
32796
27555
31716
16113
37553
20436
64905
33878
11000
20423
1511
38127
20998
20311
25358
52987
3662
22126
35147
40088
391
52678
41968
14674
53957
36046
52945
37633
51886
23823
2606
20016
38646
7066
813
6902
54781
44791
31416
31711
31301
59708
39923
28747
4394
48988
26210
7692
44972
12731
59109
19970
36062
56290
4637
64616
55905
31540
60006
15042
4667
17300
14426
32240
62634
36595
34369
12846
45694
11823
37333
2105
1887
18575
54263
3354
15722
34838
43065
57657
34514
7582
40509
40390
48469
38168
28998
29027
16422
14807
26477
12410
20987
63904
38260
62238
24671
60620
57097
1090
1408
24291
61763
29653
17560
61317
54929
23206
33080
1071
54441
35394
28984
47510
48722
61577
55842
5230
49231
19619
17432
46754
29426
3491
1835
33913
58509
57590
46051
44606
44239
56111
62892
37845
29281
30851
46386
6581
45694
24010
39604
50935
58057
42801
44067
29738
2063
16796
53769
22308
46385
52869
42858
51971
46281
41800
22022
41350
51695
49983
49
62896
24976
9010
40363
5152
27136
60403
24615
58665
557
56356
63627
29851
16741
54813
7587
27835
62489
18785
53885
8748
3567
42610
21449
48901
32158
50085
41765
8457
34902
55442
6897
39736
24658
65454
44992
21295
6610
31049
52195
53237
49742
58428
28634
16224
17583
26102
18074
19046
2473
8373
6081
11431
17032
8935
52116
24938
26123
10455
34274
9688
16152
35242
5369
28143
44145
40215
37494
44472
49885
59293
779
2768
55655
45742
35602
35290
21748
9296
23989
34778
1619
57696
30217
3935
6120
11903
58151
13510
56996
63619
37818
51733
10594
15784
6611
10831
43507
49119
30263
11188
55536
28045
8767
8368
53347
29781
61911
11819
24138
55342
4982
46129
22243
50039
7073
31038
37849
39421
17173
12695
12561
25732
33969
43246
24162
7009
14394
42379
28377
4188
58357
51038
55054
37316
61147
29538
15397
25969
27106
59960
323
59847
32566
10446
24871
14283
3081
10443
53751
13140
13169
40288
29207
59534
12465
52561
37499
14243
37792
44521
9590
41907
17609
47399
13545
6275
63159
3366
22558
52698
61669
28904
1187
46936
46367
46130
7878
32594
54298
10914
14755
10677
12299
30403
58546
42207
58860
34216
22907
45192
32430
8223
65463
16837
58005
18613
64843
32300
47339
18247
20951
23070
28525
41049
34828
5861
34104
47579
35086
16272
63274
56560
38128
16023
50614
63132
20002
21991
38976
40086
27079
13750
65222
45479
15234
59414
57768
41690
34191
32460
22420
50616
50571
20916
33986
23837
30642
34059
58207
18201
21963
37891
38184
14314
34971
17344
14469
42522
47871
26862
27033
30380
24720
32175
14469
61472
47098
2485
45917
13454
50703
10918
21135
18346
60340
10789
60364
37493
49426
32964
30802
40173
34066
7306
51653
56139
60666
26192
29458
35289
13640
44484
2896
38181
34567
10266
17734
62882
39902
3117
33216
2795
54168
1978
52033
52521
63390
63282
63728
55173
51354
37940
56234
44767
16409
35026
17551
24778
34795
50892
48829
57851
60285
9575
30867
64931
6282
36107
61859
21020
36049
33127
5166
47142
63962
49234
53591
37302
9979
14335
45303
14744
41063
35444
63202
5851
35082
8381
39450
29590
42959
56870
50416
65348
18597
28079
35263
1762
35290
63823
58617
43436
63409
40603
44280
15751
63198
56972
14471
23518
626
33089
63727
43856
32747
21080
4440
65032
15308
51664
52766
11474
8048
12231
22879
44339
32108
18934
57544
2684
20811
55223
45543
34810
59882
28724
24580
31335
55153
5344
30547
41432
20275
33892
24330
39141
64680
3646
1356
31396
57312
2458
38552
13578
8959
51357
36170
45339
64045
51396
44697
31639
45049
18271
20432
59537
64451
19133
25201
40998
62623
37810
3788
796
12682
62390
64645
8546
33758
53459
7655
58079
52011
34077
55279
10929
34299
2848
35778
56897
23046
34424
53623
58027
64502
40697
32097
62522
52149
63693
54070
11048
37405
60369
64338
38655
110
50065
61572
29909
38207
34530
7738
38065
5581
32060
55828
52634
55853
18525
48871
16113
16107
36082
52320
15923
60285
23832
35856
29526
35515
9708
31942
57549
40383
65034
44630
36938
18964
18566
62457
55189
16029
36376
61758
45754
57073
51233
46757
28530
61331
42498
48684
53912
40633
20542
6001
